SMU-X: 126.955252
SMU-Y: 37.602638
SEOUL-DATA-API-KEY: 49754d766b63686f3533714966414c
ODSAY-API-KEY: JAHjFEwFp+wvneWeC+e2n3gO4oB3VdZkCqr331Vky8A
