SMU-X: 126.955252
SMU-Y: 37.602638
SEOUL-DATA-API-KEY: 49754d766b63686f3533714966414c
ODSAY-API-KEY: JAHjFEwFp%2BwvneWeC%2Be2n3gO4oB3VdZkCqr331Vky8A
GPS-CONVERT-API-KEY: a658a7ca-e889-46a6-b5f1-26e7d17a7f14
